3.07931
3.09041
3.107912
3.125517
3.145593
3.29091
3.288522
3.305434
3.301013
3.305876
3.276358
3.304403
3.306413
3.304735
3.30348
3.304921
3.303433
3.302368
3.30487
3.304176
3.29885
3.297348
3.300273
3.304669
3.305232
3.306041
3.305992
3.303996
3.301453
3.303565
3.300592
3.285446
3.34324
3.317179
3.30406
3.303791
3.303482
3.305661
3.307072
3.308737
3.308015
3.310679
3.3121
3.281432
3.422474
3.417222
3.423245
3.42264
3.418032
3.424332
3.418462
3.42076
3.400741
3.421091
3.423
3.424357
3.420619
3.421832
3.423431
3.420365
3.420053
3.319202
3.133974
3.305075
3.289027
3.303124
3.306003
3.307452
3.304868
3.30614
3.289811
3.305523
3.302783
3.305877
3.302722
3.303332
3.305468
3.303943
3.304314
3.294975
3.297556
3.30489
3.30571
3.305996
3.304488
3.297974
3.301245
3.303471
3.303248
3.305938
3.298944
3.304468
3.300396
3.306849
3.306157
3.304148
3.305029
3.305583
3.306201
3.30239
3.30304
3.307129
3.306458
3.309582
3.309175
3.302978
3.304435
3.305713
3.305937
3.304246
3.300167
3.304888
3.305025
3.304497
3.305596
3.268152
3.351266
3.339114
3.330222
3.309393
3.304705
3.303049
3.302361
3.302584
3.301622
3.303047
3.304134
3.30604
3.306511
3.308308
3.307202
3.309792
3.309267
3.310528
3.310722
3.311215
3.31143
3.312071
3.311643
3.309631
3.313714
3.340146
3.395782
3.406348
3.404388
3.397483
3.404148
3.40491
3.402837
3.396805
3.40134
3.403416
3.402339
3.405118
3.403863
3.403324
3.404319
3.387786
3.015229
3.18981
3.07931
3.09041
3.107912
3.125517
3.145593
3.29091
3.288522
3.305434
3.301013
3.305876
3.276358
3.304403
3.306413
3.304735
3.30348
3.304921
3.303433
3.302368
3.30487
3.304176
3.29885
3.297348
3.300273
3.304669
3.305232
3.306041
3.305992
3.303996
3.301453
3.303565
3.300592
3.285446
3.34324
3.317179
3.30406
3.303791
3.303482
3.305661
3.307072
3.308737
3.308015
3.310679
3.3121
3.281432
3.422474
3.417222
3.423245
3.42264
3.418032
3.424332
3.418462
3.42076
3.400741
3.421091
3.423
3.424357
3.420619
3.421832
3.423431
3.420365
3.420053
3.319202
3.133974
3.305075
3.289027
3.303124
3.306003
3.307452
3.304868
3.30614
3.289811
3.305523
3.302783
3.305877
3.302722
3.303332
3.305468
3.303943
3.304314
3.294975
3.297556
3.30489
3.30571
3.305996
3.304488
3.297974
3.301245
3.303471
3.303248
3.305938
3.298944
3.304468
3.300396
3.306849
3.306157
3.304148
3.305029
3.305583
3.306201
3.30239
3.30304
3.307129
3.306458
3.309582
3.309175
3.302978
3.304435
3.305713
3.305937
3.304246
3.300167
3.304888
3.305025
3.304497
3.305596
3.268152
3.351266
3.339114
3.330222
3.309393
3.304705
3.303049
3.302361
3.302584
3.301622
3.303047
3.304134
3.30604
3.306511
3.308308
3.307202
3.309792
3.309267
3.310528
3.310722
3.311215
3.31143
3.312071
3.311643
3.309631
3.313714
3.340146
3.395782
3.406348
3.404388
3.397483
3.404148
3.40491
3.402837
3.396805
3.40134
3.403416
3.402339
3.405118
3.403863
3.403324
3.404319
3.387786
3.015229
3.18981
1.618799
1.632193
1.632193
1.629212
1.636325
1.645159
1.617301
1.617301
1.638409
1.623971
1.620213
1.620213
1.654831
2.527316
2.534864
2.553132
2.543481
2.524176
2.56443
2.544903
2.583182
2.58432
2.58935
2.588903
2.587488
2.587642
2.590549
2.58744
2.578361
2.592001
2.591552
2.589106
2.587946
2.589508
2.590024
2.588417
2.591451
2.588208
2.588691
2.588343
2.590482
2.589143
2.59164
2.590251
2.590695
2.589098
2.591874
2.590971
2.589648
2.592517
2.589953
2.591121
2.589999
2.592137
2.591212
2.59113
2.590129
2.59043
2.589841
2.59087
2.592777
2.591628
2.590234
2.591577
2.584563
2.591571
2.591004
2.593671
2.589109
2.590997
2.591796
2.590749
2.591116
2.592968
2.591903
2.5915
2.590815
2.592224
2.587515
2.591899
2.591156
2.592668
2.590669
2.591593
2.592382
2.592562
2.5913
2.590866
2.590172
2.590922
2.590124
2.593345
2.590896
2.590164
2.592259
2.592645
2.590504
2.590411
2.590278
2.589793
2.59053
2.590737
2.592511
2.591251
2.59074
2.592855
2.59202
2.591432
2.590325
2.59194
2.591535
2.592056
2.589581
2.591635
2.58718
2.58902
2.592056
2.591405
2.588947
2.48763
2.540932
1.619304
1.632804
1.629524
1.635251
1.645621
1.616453
1.638649
1.613277
1.648839
1.655636
1.653317
1.657116
1.656661
1.658139
1.656664
1.65641
1.65373
1.653916
1.656644
1.657272
1.657078
1.658362
1.658402
1.659
1.657439
1.658076
1.656558
1.656057
1.657254
1.656836
1.655884
1.658318
1.657667
1.65813
1.657207
1.658777
1.658923
1.656984
1.657386
1.6583
1.659235
1.658067
1.659182
1.658872
1.658365
1.659211
1.658426
1.657619
1.659629
1.65821
1.659508
1.658798
1.659757
1.657732
1.659103
1.659126
1.659257
1.65711
1.657994
1.659011
1.658565
1.65873
1.659221
1.659907
1.658814
1.657722
1.658776
1.658538
1.659284
1.650486
1.659474
1.660086
1.659781
1.6587
1.659219
1.660158
1.659206
1.656843
1.657636
1.658759
1.659659
1.658813
1.658606
1.659513
1.660149
1.657683
1.659698
1.656254
1.658631
1.658178
1.659807
1.659553
1.659505
1.657894
1.660128
1.659772
1.658548
1.656372
1.659245
1.659791
1.659469
1.658877
1.658762
1.659524
1.658419
1.658218
1.658105
1.658344
1.659568
1.659206
1.658387
1.658973
1.659429
1.659679
1.657989
1.658128
1.659403
1.658164
1.658234
1.659011
1.659744
1.658782
1.658511
1.658289
1.660254
1.65863
1.658778
1.657818
1.659802
1.659086
1.658411
1.659225
1.658372
1.659737
1.658462
1.658275
1.657387
1.656774
1.658158
1.658615
1.658918
1.658354
1.658449
1.608943
1.73513
1.619793
1.631395
1.627054
1.627054
1.633072
1.633535
1.631968
1.633192
1.62544
1.62544
1.652602
1.717835
1.718296
1.727491
1.726007
1.727113
1.732475
1.732954
1.722783
1.71108
1.71108
1.757325
1.748409
1.76034
1.788205
1.772535
1.739873
1.773684
1.7777
1.786055
1.769235
1.775328
1.758414
1.602454
1.636335
1.627644
1.663606
1.74913
1.746965
1.744445
1.730483
1.746515
1.746515
1.644491
1.621152
1.846385
0.5
1.619304
1.632804
1.629524
1.635251
1.645621
1.616453
1.638649
1.613277
1.648839
1.655636
1.653317
1.657116
1.656661
1.658139
1.656664
1.65641
1.65373
1.653916
1.656644
1.657272
1.657078
1.658362
1.658402
1.659
1.657439
1.658076
1.656558
1.656057
1.657254
1.656836
1.655884
1.658318
1.657667
1.65813
1.657207
1.658777
1.658923
1.656984
1.657386
1.6583
1.659235
1.658067
1.659182
1.658872
1.658365
1.659211
1.658426
1.657619
1.659629
1.65821
1.659508
1.658798
1.659757
1.657732
1.659103
1.659126
1.659257
1.65711
1.657994
1.659011
1.658565
1.65873
1.659221
1.659907
1.658814
1.657722
1.658776
1.658538
1.659284
1.650486
1.659474
1.660086
1.659781
1.6587
1.659219
1.660158
1.659206
1.656843
1.657636
1.658759
1.659659
1.658813
1.658606
1.659513
1.660149
1.657683
1.659698
1.656254
1.658631
1.658178
1.659807
1.659553
1.659505
1.657894
1.660128
1.659772
1.658548
1.656372
1.659245
1.659791
1.659469
1.658877
1.658762
1.659524
1.658419
1.658218
1.658105
1.658344
1.659568
1.659206
1.658387
1.658973
1.659429
1.659679
1.657989
1.658128
1.659403
1.658164
1.658234
1.659011
1.659744
1.658782
1.658511
1.658289
1.660254
1.65863
1.658778
1.657818
1.659802
1.659086
1.658411
1.659225
1.658372
1.659737
1.658462
1.658275
1.657387
1.656774
1.658158
1.658615
1.658918
1.658354
1.658449
1.608943
1.73513
0.5
0.5
0.5
0.5
0.5
0.5
0.5
0.5
0.5
0.5
0.5
0.5
0.5
0.5
0.5
0.5
0.5
0.5
0.5
0.5
0.5
0.5
0.5
0.5
0.5
0.5
0.5
0.5
0.5
0.5
0.5
0.5
0.5
0.5
0.5
0.5
0.5
0.5
0.5
0.5
0.5
0.5
0.5
0.5
0.5
0.5
0.5
1.619551
1.633205
1.630044
1.634841
1.645807
1.619119
1.646771
1.646771
1.630631
1.701611
1.754218
1.763799
1.763804
1.764029
1.764002
1.764104
1.764031
1.764074
1.764074
1.75443
1.763953
1.764034
1.763912
1.763966
1.646957
1.655926
1.796923
1.72533
1.632899
1.727087
1.655167
1.655167
1.629355
0.5
2.526412
2.535194
2.541436
2.549228
2.522922
2.566644
2.574367
2.65072
2.646345
2.646739
2.648575
2.651797
2.652073
2.652572
2.651014
2.638428
2.651743
2.651365
2.652496
2.648696
2.65162
2.650048
2.649767
2.651356
2.651593
2.647446
2.651148
2.646371
2.648294
2.651056
2.651314
2.651752
2.652195
2.652042
2.650857
2.648074
2.648697
2.650737
2.649765
2.641872
2.667333
2.670039
2.652192
2.651057
2.650625
2.64891
2.650739
2.65206
2.652722
2.653185
2.654104
2.654704
2.655006
2.655438
2.640085
2.695893
2.722125
2.721345
2.722774
2.721782
2.723247
2.721829
2.722899
2.722227
2.722882
2.706289
2.719071
2.722243
2.72349
2.723407
2.723269
2.721807
2.723357
2.720921
2.722051
2.72013
2.722948
2.589343
2.586336
2.651395
2.64153
2.652011
2.650226
2.651733
2.65279
2.640317
2.65134
2.652196
2.651545
2.651727
2.649612
2.653072
2.650997
2.649468
2.650403
2.647855
2.650678
2.651433
2.650636
2.645483
2.649412
2.651395
2.651412
2.651992
2.652406
2.64731
2.650514
2.645305
2.65026
2.650776
2.64946
2.651113
2.652181
2.651434
2.651338
2.644858
2.652075
2.652606
2.651639
2.650853
2.650739
2.651798
2.65181
2.648697
2.653181
2.649904
2.652392
2.652927
2.652254
2.654097
2.65405
2.653893
2.64913
2.650796
2.651753
2.649913
2.651422
2.650915
2.65091
2.651396
2.651222
2.651391
2.651286
2.651654
2.63134
2.671284
2.67616
2.670003
2.664426
2.654399
2.654335
2.649747
2.650089
2.64966
2.649886
2.649009
2.649579
2.65038
2.650965
2.651912
2.652092
2.653087
2.65331
2.653021
2.654245
2.65359
2.654032
2.655096
2.65461
2.655079
2.655103
2.654839
2.656363
2.655172
2.653442
2.656193
2.671797
2.68588
2.7083
2.712777
2.712786
2.708626
2.710795
2.712452
2.71001
2.707607
2.711691
2.709586
2.710745
2.711477
2.712652
2.711819
2.711374
2.712012
2.712652
2.69929
2.710832
2.603373
2.508219
2.64943
0.5
1.619304
1.632804
1.629524
1.635251
1.645621
1.616453
1.638649
1.613277
1.648839
1.655636
1.653317
1.657116
1.656661
1.658139
1.656664
1.65641
1.65373
1.653916
1.656644
1.657272
1.657078
1.658362
1.658402
1.659
1.657439
1.658076
1.656558
1.656057
1.657254
1.656836
1.655884
1.658318
1.657667
1.65813
1.657207
1.658777
1.658923
1.656984
1.657386
1.6583
1.659235
1.658067
1.659182
1.658872
1.658365
1.659211
1.658426
1.657619
1.659629
1.65821
1.659508
1.658798
1.659757
1.657732
1.659103
1.659126
1.659257
1.65711
1.657994
1.659011
1.658565
1.65873
1.659221
1.659907
1.658814
1.657722
1.658776
1.658538
1.659284
1.650486
1.659474
1.660086
1.659781
1.6587
1.659219
1.660158
1.659206
1.656843
1.657636
1.658759
1.659659
1.658813
1.658606
1.659513
1.660149
1.657683
1.659698
1.656254
1.658631
1.658178
1.659807
1.659553
1.659505
1.657894
1.660128
1.659772
1.658548
1.656372
1.659245
1.659791
1.659469
1.658877
1.658762
1.659524
1.658419
1.658218
1.658105
1.658344
1.659568
1.659206
1.658387
1.658973
1.659429
1.659679
1.657989
1.658128
1.659403
1.658164
1.658234
1.659011
1.659744
1.658782
1.658511
1.658289
1.660254
1.65863
1.658778
1.657818
1.659802
1.659086
1.658411
1.659225
1.658372
1.659737
1.658462
1.658275
1.657387
1.656774
1.658158
1.658615
1.658918
1.658354
1.658449
1.608943
1.73513
0.5
0.5
0.5
0.5
0.5
0.5
0.5
0.5
0.5
0.5
0.5
0.5
0.5
0.5
0.5
0.5
0.5
0.5
0.5
0.5
0.5
0.5
0.5
0.5
0.5
0.5
0.5
0.5
0.5
0.5
0.5
0.5
0.5
0.5
0.5
0.5
0.5
0.5
0.5
0.5
0.5
0.5
0.5
0.5
0.5
0.5
0.5
0.5
0.5
0.5
0.5
0.5
0.5
0.5
0.5
0.5
0.5
0.5
0.5
0.5
0.5
0.5
0.5
0.5
0.5
0.5
0.5
0.5
0.5
0.5
0.5
0.5
0.5
0.5
0.5
0.5
0.5
0.5
0.5
0.5
0.5
0.5
0.5
0.5
0.5
0.5
0.5
0.5
0.5
0.5
0.5
0.5
0.5
0.5
0.5
0.5
0.5
0.5
0.5
0.5
0.5
0.5
0.5
0.5
0.5
0.5
0.5
0.5
0.5
0.5
0.5
0.5
0.5
0.5
0.5
0.5
0.5
0.5
0.5
0.5
0.5
0.5
0.5
0.5
0.5
0.5
0.5
0.5
0.5
0.5
0.5
0.5
0.5
0.5
0.5
0.5
0.5
0.5
0.5
0.5
0.5
0.5
0.5
0.5
0.5
0.5
0.5
0.5
0.5
0.5
0.5
0.5
0.5
0.5
0.5
0.5
0.5
0.5
0.5
0.5
0.5
0.5
0.5
0.5
0.5
0.5
0.5
0.5
0.5
0.5
0.5
0.5
0.5
0.5
0.5
0.5
0.5
0.5
0.5
0.5
0.5
0.5
0.5
0.5
0.5
0.5
0.5
0.5
0.5
0.5
0.5
0.5
0.5
0.5
0.5
0.5
0.5
0.5
0.5
0.5
0.5
0.5
0.5
0.5
0.5
0.5
0.5
0.5
0.5
0.5
0.5
0.5
0.5
0.5
0.5
0.5
0.5
0.5
0.5
0.5
0.5
0.5
0.5
0.5
0.5
0.5
0.5
0.5
0.5
0.5
0.5
0.5
0.5
0.5
0.5
0.5
0.5
0.5
0.5
0.5
0.5
0.5
0.5
0.5
0.5
0.5
0.5
0.5
0.5
0.5
0.5
0.5
0.5
0.5
0.5
0.5
0.5
0.5
0.5
0.5
0.5
0.5
0.5
0.5
0.5
0.5
0.5
0.5
0.5
0.5
0.5
0.5
0.5
0.5
0.5
0.5
0.5
0.5
0.5
0.5
0.5
0.5
0.5
0.5
0.5
0.5
0.5
0.5
0.5
0.5
0.5
0.5
0.5
0.5
0.5
0.5
0.5
0.5
0.5
0.5
0.5
0.5
0.5
0.5
0.5
0.5
0.5
0.5
0.5
0.5
0.5
0.5
0.5
0.5
0.5
0.5
0.5
0.5
0.5
0.5
0.5
0.5
0.5
0.5
0.5
0.5
0.5
0.5
0.5
0.5
0.5
0.5
0.5
0.5
0.5
0.5
0.5
0.5
0.5
0.5
0.5
0.5
0.5
0.5
0.5
0.5
0.5
0.5
0.5
0.5
0.5
0.5
0.5
0.5
0.5
0.5
0.5
0.5
0.5
0.5
0.5
0.5
0.5
0.5
0.5
0.5
0.5
0.5
0.5
0.5
0.5
0.5
0.5
0.5
0.5
0.5
0.5
0.5
0.5
0.5
0.5
0.5
0.5
0.5
0.5
0.5
0.5
0.5
0.5
0.5
0.5
0.5
0.5
0.5
0.5
0.5
0.5
0.5
0.5
0.5
0.5
0.5
0.5
0.5
0.5
0.5
0.5
0.5
0.5
0.5
0.5
0.5
0.5
0.5
0.5
0.5
0.5
0.5
0.5
0.5
0.5
0.5
0.5
0.5
0.5
0.5
0.5
0.5
0.5
0.5
0.5
0.5
0.5
0.5
0.5
0.5
0.5
0.5
0.5
0.5
0.5
0.5
0.5
0.5
0.5
0.5
0.5
0.5
0.5
0.5
0.5
0.5
0.5
0.5
0.5
0.5
0.5
0.5
0.5
0.5
0.5
0.5
0.5
0.5
0.5
0.5
0.5
0.5
0.5
0.5
0.5
0.5
0.5
0.5
0.5
0.5
0.5
0.5
0.5
0.5
0.5
0.5
0.5
0.5
0.5
0.5
0.5
0.5
0.5
0.5
0.5
0.5
0.5
0.5
0.5
0.5
0.5
0.5
0.5
0.5
0.5
0.5
0.5
0.5
0.5
0.5
0.5
0.5
0.5
0.5
0.5
0.5
0.5
0.5
0.5
0.5
0.5
0.5
0.5
0.5
0.5
0.5
0.5
0.5
0.5
0.5
0.5
0.5
0.5
0.5
0.5
0.5
0.5
0.5
0.5
0.5
0.5
0.5
0.5
0.5
0.5
0.5
0.5
0.5
0.5
0.5
0.5
0.5
0.5
0.5
0.5
0.5
0.5
0.5
0.5
0.5
0.5
0.5
0.5
0.5
0.5
0.5
0.5
0.5
0.5
0.5
0.5
0.5
0.5
0.5
0.5
0.5
0.5
0.5
0.5
0.5
0.5
0.5
0.5
0.5
0.5
0.5
0.5
0.5
0.5
0.5
0.5
0.5
0.5
0.5
0.5
0.5
0.5
0.5
0.5
0.5
0.5
0.5
0.5
0.5
0.5
0.5
0.5
0.5
0.5
0.5
0.5
0.5
0.5
0.5
0.5
0.5
0.5
0.5
0.5
0.5
0.5
0.5
0.5
0.5
0.5
0.5
0.5
0.5
0.5
0.5
0.5
0.5
0.5
0.5
0.5
0.5
0.5
0.5
0.5
0.5
0.5
0.5
0.5
0.5
0.5
0.5
0.5
0.5
0.5
0.5
0.5
0.5
0.5
0.5
0.5
0.5
0.5
0.5
0.5
0.5
0.5
0.5
0.5
0.5
0.5
0.5
0.5
0.5
0.5
0.5
0.5
0.5
0.5
0.5
0.5
0.5
0.5
0.5
0.5
0.5
0.5
0.5
0.5
0.5
0.5
0.5
0.5
0.5
0.5
0.5
0.5
0.5
0.5
0.5
0.5
0.5
0.5
0.5
0.5
0.5
0.5
0.5
0.5
0.5
0.5
0.5
0.5
0.5
0.5
0.5
0.5
0.5
0.5
0.5
0.5
0.5
0.5
0.5
0.5
0.5
0.5
0.5
0.5
0.5
0.5
0.5
0.5
0.5
0.5
0.5
0.5
0.5
0.5
0.5
0.5
0.5
0.5
0.5
0.5
0.5
0.5
0.5
0.5
0.5
0.5
0.5
0.5
0.5
0.5
0.5
0.5
0.5
0.5
0.5
0.5
0.5
0.5
0.5
0.5
0.5
0.5
0.5
0.5
0.5
0.5
0.5
0.5
0.5
0.5
0.5
0.5
0.5
0.5
0.5
0.5
0.5
0.5
0.5
0.5
0.5
0.5
0.5
0.5
0.5
0.5
0.5
0.5
0.5
0.5
0.5
0.5
0.5
0.5
0.5
0.5
0.5
0.5
0.5
0.5
0.5
0.5
0.5
0.5
0.5
0.5
0.5
0.5
0.5
0.5
0.5
0.5
0.5
0.5
0.5
0.5
0.5
0.5
0.5
0.5
0.5
0.5
0.5
0.5
0.5
0.5
0.5
0.5
0.5
0.5
0.5
0.5
0.5
0.5
0.5
0.5
0.5
0.5
0.5
0.5
0.5
0.5
0.5
0.5
0.5
0.5
0.5
0.5
0.5
0.5
0.5
0.5
0.5
0.5
0.5
0.5
0.5
0.5
0.5
0.5
0.5
0.5
0.5
0.5
0.5
0.5
0.5
0.5
0.5
0.5
0.5
0.5
0.5
0.5
0.5
0.5
0.5
0.5
0.5
0.5
0.5
0.5
0.5
0.5
0.5
0.5
0.5
0.5
0.5
0.5
0.5
0.5
0.5
0.5
0.5
0.5
0.5
0.5
0.5
0.5
0.5
0.5
0.5
0.5
0.5
0.5
0.5
0.5
0.5
0.5
0.5
0.5
0.5
0.5
0.5
0.5
0.5
0.5
0.5
0.5
0.5
0.5
0.5
0.5
0.5
0.5
0.5
0.5
0.5
0.5
0.5
0.5
0.5
0.5
0.5
0.5
0.5
0.5
0.5
0.5
0.5
0.5
0.5
0.5
0.5
0.5
0.5
0.5
0.5
0.5
0.5
0.5
0.5
0.5
0.5
0.5
0.5
0.5
0.5
0.5
0.5
0.5
0.5
0.5
0.5
0.5
0.5
0.5
0.5
0.5
0.5
0.5
0.5
0.5
0.5
0.5
0.5
0.5
0.5
0.5
0.5
0.5
0.5
0.5
0.5
0.5
0.5
0.5
0.5
0.5
0.5
0.5
0.5
0.5
0.5
0.5
0.5
0.5
0.5
0.5
0.5
0.5
0.5
0.5
0.5
0.5
0.5
0.5
0.5
0.5
0.5
0.5
0.5
0.5
0.5
0.5
0.5
0.5
0.5
0.5
0.5
0.5
0.5
0.5
0.5
0.5
0.5
0.5
0.5
0.5
0.5
0.5
0.5
0.5
0.5
0.5
0.5
0.5
0.5
0.5
0.5
0.5
0.5
0.5
0.5
0.5
0.5
0.5
0.5
0.5
0.5
0.5
0.5
0.5
0.5
0.5
0.5
0.5
0.5
0.5
0.5
0.5
0.5
0.5
0.5
0.5
0.5
0.5
0.5
0.5
0.5
0.5
0.5
0.5
0.5
0.5
0.5
0.5
0.5
0.5
0.5
0.5
0.5
0.5
0.5
0.5
0.5
0.5
0.5
0.5
0.5
0.5
0.5
0.5
0.5
0.5
0.5
0.5
0.5
0.5
0.5
0.5
0.5
0.5
0.5
0.5
0.5
0.5
0.5
0.5
0.5
0.5
0.5
0.5
0.5
0.5
0.5
0.5
0.5
0.5
0.5
0.5
0.5
0.5
0.5
0.5
0.5
0.5
0.5
0.5
0.5
0.5
0.5
0.5
0.5
0.5
0.5
0.5
0.5
0.5
0.5
0.5
0.5
0.5
0.5
0.5
0.5
0.5
0.5
0.5
0.5
0.5
0.5
0.5
0.5
0.5
0.5
0.5
0.5
0.5
0.5
0.5
0.5
0.5
0.5
0.5
0.5
0.5
0.5
0.5
0.5
0.5
0.5
0.5
0.5
0.5
0.5
0.5
0.5
0.5
0.5
0.5
0.5
0.5
0.5
0.5
0.5
0.5
0.5
0.5
0.5
0.5
0.5
0.5
0.5
0.5
0.5
0.5
0.5
0.5
0.5
0.5
0.5
0.5
0.5
0.5
0.5
0.5
0.5
0.5
0.5
0.5
0.5
0.5
0.5
0.5
0.5
0.5
0.5
0.5
0.5
0.5
0.5
0.5
0.5
0.5
0.5
0.5
0.5
0.5
0.5
0.5
0.5
0.5
0.5
0.5
0.5
0.5
0.5
0.5
0.5
0.5
0.5
0.5
0.5
0.5
0.5
0.5
0.5
0.5
0.5
0.5
0.5
0.5
0.5
0.5
0.5
0.5
0.5
0.5
0.5
0.5
0.5
0.5
0.5
0.5
0.5
0.5
0.5
0.5
0.5
0.5
0.5
0.5
0.5
0.5
0.5
0.5
0.5
0.5
0.5
0.5
0.5
0.5
0.5
0.5
0.5
0.5
0.5
0.5
0.5
0.5
0.5
0.5
0.5
0.5
0.5
0.5
0.5
0.5
0.5
0.5
0.5
0.5
0.5
0.5
0.5
0.5
0.5
0.5
0.5
0.5
0.5
0.5
0.5
0.5
0.5
0.5
0.5
0.5
0.5
0.5
0.5
0.5
0.5
0.5
0.5
0.5
0.5
0.5
0.5
0.5
0.5
0.5
0.5
0.5
0.5
0.5
0.5
0.5
0.5
0.5
0.5
0.5
0.5
0.5
0.5
0.5
0.5
0.5
0.5
0.5
0.5
0.5
0.5
0.5
0.5
0.5
0.5
0.5
0.5
0.5
0.5
0.5
0.5
0.5
0.5
0.5
0.5
0.5
0.5
0.5
0.5
0.5
0.5
0.5
0.5
0.5
0.5
0.5
0.5
0.5
0.5
0.5
0.5
0.5
0.5
0.5
0.5
0.5
0.5
0.5
0.5
0.5
0.5
0.5
0.5
0.5
0.5
0.5
0.5
0.5
0.5
0.5
0.5
0.5
0.5
0.5
0.5
0.5
0.5
0.5
0.5
0.5
0.5
0.5
0.5
0.5
0.5
0.5
0.5
0.5
0.5
0.5
0.5
0.5
0.5
0.5
0.5
0.5
0.5
0.5
0.5
0.5
0.5
0.5
0.5
0.5
0.5
0.5
0.5
0.5
0.5
0.5
0.5
0.5
0.5
0.5
0.5
0.5
0.5
0.5
0.5
0.5
0.5
0.5
0.5
0.5
0.5
0.5
0.5
0.5
0.5
0.5
0.5
0.5
0.5
0.5
0.5
0.5
0.5
0.5
0.5
0.5
0.5
0.5
0.5
0.5
0.5
0.5
0.5
0.5
0.5
0.5
0.5
0.5
0.5
0.5
0.5
0.5
0.5
0.5
0.5
0.5
0.5
0.5
0.5
0.5
0.5
0.5
0.5
0.5
0.5
0.5
0.5
0.5
0.5
0.5
0.5
0.5
0.5
0.5
0.5
0.5
0.5
0.5
0.5
0.5
0.5
0.5
0.5
0.5
0.5
0.5
0.5
0.5
0.5
0.5
0.5
0.5
0.5
0.5
0.5
0.5
0.5
0.5
0.5
0.5
0.5
0.5
0.5
0.5
0.5
0.5
0.5
0.5
0.5
0.5
0.5
0.5
0.5
0.5
0.5
0.5
0.5
0.5
0.5
0.5
0.5
0.5
0.5
0.5
0.5
0.5
0.5
0.5
0.5
0.5
0.5
0.5
0.5
0.5
0.5
0.5
0.5
0.5
0.5
0.5
0.5
0.5
0.5
0.5
0.5
0.5
0.5
0.5
0.5
0.5
0.5
0.5
0.5
0.5
0.5
0.5
0.5
0.5
0.5
0.5
0.5
0.5
0.5
0.5
0.5
0.5
0.5
0.5
0.5
0.5
0.5
0.5
0.5
0.5
0.5
0.5
0.5
0.5
0.5
0.5
0.5
0.5
0.5
0.5
0.5
0.5
0.5
0.5
0.5
0.5
0.5
0.5
0.5
0.5
0.5
0.5
0.5
0.5
0.5
0.5
0.5
0.5
0.5
0.5
0.5
0.5
0.5
0.5
0.5
0.5
0.5
0.5
0.5
0.5
0.5
0.5
0.5
0.5
0.5
0.5
0.5
0.5
0.5
0.5
0.5
0.5
0.5
0.5
0.5
0.5
0.5
0.5
0.5
0.5
0.5
0.5
0.5
0.5
0.5
0.5
0.5
0.5
0.5
0.5
0.5
0.5
0.5
0.5
0.5
0.5
0.5
0.5
0.5
0.5
0.5
0.5
0.5
0.5
0.5
0.5
0.5
0.5
0.5
0.5
0.5
0.5
0.5
0.5
0.5
0.5
0.5
0.5
0.5
0.5
0.5
0.5
0.5
0.5
0.5
0.5
0.5
0.5
0.5
0.5
0.5
0.5
0.5
0.5
0.5
0.5
0.5
0.5
0.5
0.5
0.5
0.5
0.5
0.5
0.5
0.5
0.5
0.5
0.5
0.5
0.5
0.5
0.5
0.5
0.5
0.5
0.5
0.5
0.5
0.5
0.5
0.5
0.5
0.5
0.5
0.5
0.5
0.5
0.5
0.5
0.5
0.5
0.5
0.5
0.5
0.5
0.5
0.5
0.5
0.5
0.5
0.5
0.5
0.5
0.5
0.5
0.5
0.5
0.5
0.5
0.5
0.5
0.5
0.5
0.5
0.5
0.5
0.5
0.5
0.5
0.5
0.5
0.5
0.5
0.5
0.5
0.5
0.5
0.5
0.5
0.5
0.5
0.5
0.5
0.5
0.5
0.5
0.5
0.5
0.5
0.5
0.5
0.5
0.5
0.5
0.5
0.5
0.5
0.5
0.5
0.5
0.5
0.5
0.5
0.5
0.5
0.5
0.5
0.5
0.5
0.5
0.5
0.5
0.5
0.5
0.5
0.5
0.5
0.5
0.5
0.5
0.5
0.5
0.5
0.5
0.5
0.5
0.5
0.5
0.5
0.5
0.5
0.5
0.5
0.5
0.5
0.5
0.5
0.5
0.5
0.5
0.5
0.5
0.5
0.5
0.5
0.5
0.5
0.5
0.5
0.5
0.5
0.5
0.5
0.5
0.5
0.5
0.5
0.5
0.5
0.5
0.5
0.5
0.5
0.5
0.5
0.5
0.5
0.5
0.5
0.5
0.5
0.5
0.5
0.5
0.5
0.5
0.5
0.5
0.5
0.5
0.5
0.5
0.5
0.5
0.5
0.5
0.5
0.5
0.5
0.5
0.5
0.5
0.5
0.5
0.5
0.5
0.5
0.5
0.5
0.5
0.5
0.5
0.5
0.5
0.5
0.5
0.5
0.5
0.5
0.5
0.5
0.5
0.5
0.5
0.5
0.5
0.5
0.5
0.5
0.5
0.5
0.5
0.5
0.5
0.5
0.5
0.5
0.5
0.5
0.5
0.5
0.5
0.5
0.5
0.5
0.5
0.5
0.5
0.5
0.5
0.5
0.5
0.5
0.5
0.5
0.5
0.5
0.5
0.5
0.5
0.5
0.5
0.5
0.5
0.5
0.5
0.5
0.5
0.5
0.5
0.5
0.5
0.5
0.5
0.5
0.5
0.5
0.5
0.5
0.5
0.5
0.5
0.5
0.5
0.5
0.5
0.5
0.5
0.5
0.5
0.5
0.5
0.5
0.5
0.5
0.5
0.5
0.5
0.5
0.5
0.5
0.5
0.5
0.5
0.5
0.5
0.5
0.5
0.5
0.5
0.5
0.5
0.5
0.5
0.5
0.5
0.5
0.5
0.5
0.5
0.5
0.5
0.5
0.5
0.5
0.5
0.5
0.5
0.5
0.5
0.5
0.5
0.5
0.5
0.5
0.5
0.5
0.5
0.5
0.5
0.5
0.5
0.5
0.5
0.5
0.5
0.5
0.5
0.5
0.5
0.5
0.5
0.5
0.5
0.5
0.5
0.5
0.5
0.5
0.5
0.5
0.5
0.5
0.5
0.5
0.5
0.5
0.5
0.5
0.5
0.5
0.5
0.5
0.5
0.5
0.5
0.5
0.5
0.5
0.5
0.5
0.5
0.5
0.5
0.5
0.5
0.5
0.5
0.5
0.5
0.5
0.5
0.5
0.5
0.5
0.5
0.5
0.5
0.5
0.5
0.5
0.5
0.5
0.5
0.5
0.5
0.5
0.5
0.5
0.5
0.5
0.5
0.5
0.5
0.5
0.5
0.5
0.5
0.5
0.5
0.5
0.5
0.5
0.5
0.5
0.5
0.5
0.5
0.5
0.5
0.5
0.5
0.5
0.5
0.5
0.5
0.5
0.5
0.5
0.5
0.5
0.5
0.5
0.5
0.5
0.5
0.5
0.5
0.5
0.5
0.5
0.5
0.5
0.5
0.5
0.5
0.5
0.5
0.5
0.5
0.5
0.5
0.5
0.5
0.5
0.5
0.5
0.5
0.5
0.5
0.5
0.5
0.5
0.5
0.5
0.5
0.5
0.5
0.5
0.5
0.5
0.5
0.5
0.5
0.5
0.5
0.5
0.5
0.5
0.5
0.5
0.5
0.5
0.5
0.5
0.5
0.5
0.5
0.5
0.5
0.5
0.5
0.5
0.5
0.5
0.5
0.5
0.5
0.5
0.5
0.5
0.5
0.5
0.5
0.5
0.5
0.5
0.5
0.5
0.5
0.5
0.5
0.5
0.5
0.5
0.5
0.5
0.5
0.5
0.5
0.5
0.5
0.5
0.5
0.5
0.5
0.5
0.5
0.5
0.5
0.5
0.5
0.5
0.5
0.5
0.5
0.5
0.5
0.5
0.5
0.5
0.5
0.5
0.5
0.5
0.5
0.5
0.5
0.5
0.5
0.5
0.5
0.5
0.5
0.5
0.5
0.5
0.5
0.5
0.5
0.5
0.5
0.5
0.5
0.5
0.5
0.5
0.5
0.5
0.5
0.5
0.5
0.5
0.5
0.5
0.5
0.5
0.5
0.5
0.5
0.5
0.5
0.5
0.5
0.5
0.5
0.5
0.5
0.5
0.5
0.5
0.5
0.5
0.5
0.5
0.5
0.5
0.5
0.5
0.5
0.5
0.5
0.5
0.5
0.5
0.5
0.5
0.5
0.5
0.5
0.5
0.5
0.5
0.5
0.5
0.5
0.5
